objid,ra,dec,flux,sigflux,mag,sigmag
WISEA J015618.13-195908.0,29.0680606,-19.894323,232.68404,37.804268,-5.917,0.176
WISEA J020942.77-183739.6,32.4226628,-17.9668479,150.31021,33.17042,-5.442,0.24
WISEA J020540.34-195211.5,31.4182043,-19.869835,557.3413,47.22639,-6.865,0.092
WISEA J015647.18-150109.7,29.1894067,-14.1525852,95.646805,25.617725,-4.952,0.291
WISEA J020235.95-161634.7,30.6220245,-16.068371,110.34533,34.859707,-5.107,0.343
WISEA J015336.41-151832.6,28.0050844,-15.0158723,124.89726,31.956621,-5.241,0.278
UVQSJ020937.76-194157.3,31.8931341,-19.7220716,112.9234,32.637177,-5.132,0.314
WISEA J015903.97-171618.6,29.7405891,-17.985168,703.59814,59.10105,-7.118,0.091
WISEA J021027.73-200937.1,32.9628575,-20.1405158,73.70458,22.598726,-4.669,0.333
WISEA J020424.89-151439.2,31.103735,-15.2441621,804.84143,57.894466,-7.264,0.078
DESJ0201-2043,30.3688833,-20.7185341,1581.3536,58.40487,-7.998,0.04
WISEA J014601.36-200842.8,26.5057189,-20.1452743,457.16812,39.53823,-6.65,0.094
WISEA J015627.63-173844.8,29.0898937,-17.9892255,257.30103,39.125896,-6.026,0.165
